player 866.294 728.86 26.4639
magetower 672.49 627.748 0
magetower 772.225 815.97 0
magetower 843.938 657.163 0
tree_snow 784.16 817.517 0
tree_snow 763 808.547 0
tree_snow 771.013 793.907 0
tree_snow 759.267 795.684 0
tree_snow 777.492 801.462 0
tree_snow 787.944 810.439 0
tree_snow 777.132 824.405 0
tree_snow 788.836 833.296 0
tree_snow 781.947 840.975 0
tree_snow 790.983 850.947 0
tree_snow 761.25 824.023 0
tree_snow 772.435 843.778 0
tree_snow 748.87 814.844 0
tree_snow 751.73 802.396 0
rock 760.391 830.826 0
rock 778.141 832.554 0
rock 759.303 804.077 0
tree_snow 797.44 834.483 0
tree_snow 805.828 847.352 0
tree_snow 824.575 862.786 0
tree_snow 840.543 861.104 0
tree_snow 833.245 851.891 0
tree_snow 823.335 848.282 0
tree_snow 812.955 825.782 0
rock 820.418 832.647 0
tree_snow 812.731 840.919 0
tree_snow 806.706 863.614 0
laubbaum 784.846 629.103 0
laubbaum 790.97 651.265 0
laubbaum 800.627 643.362 0
laubbaum 813.81 638.791 0
fern 797.598 629.59 0
fern 794.523 643.79 0
laubbaum 805.356 674.885 0
laubbaum 822.82 674.903 0
laubbaum 788.283 665.573 0
laubbaum 773.543 659.59 0
laubbaum 807.563 626.759 0
laubbaum 827.841 636.114 0
laubbaum 842.65 644.092 0
laubbaum 836.886 666.991 0
laubbaum 786.421 623.054 0
laubbaum 779.846 606.647 0
laubbaum 768.518 610.675 0
laubbaum 751.006 612.228 0
laubbaum 756.993 596.576 0
laubbaum 741.2 605.789 0
laubbaum 732.308 617.359 0
laubbaum 737.592 640.265 0
laubbaum 749.937 646.642 0
laubbaum 758.013 656.73 0
laubbaum 790.981 609.487 0
laubbaum 769.265 596.411 0
laubbaum 773.417 584.739 0
laubbaum 789.726 598.278 0
laubbaum 800.846 599.857 0
fern 796.878 621.247 0
fern 780.115 593.57 0
fern 738.881 616.052 0
fern 744.952 638.751 0
fern 766.026 650.956 0
fern 832.66 656.62 0
tree 675.367 645.686 0
tree 671.736 661.307 0
tree 654.737 648.494 0
tree 661.758 627.083 0
tree 649.521 626.853 0
tree 643.672 651.251 0
tree 633.114 643.908 0
tree 630.344 627.84 0
tree 638.666 606.615 0
tree 616.786 635.757 0
tree 619.154 649.3 0
tree 626.079 662.464 0
tree 655.811 609.723 0
tree 672.093 608.302 0
tree 688.704 621.437 0
tree 682.097 637.852 0
tree 696.346 632.777 0
tree 687.033 646.637 0
tree 665.357 615.756 0
tree 617.229 615.199 0
tree 628.084 612.255 0
tree 683.291 610.362 0
tree 679.742 590.007 0
tree 660.114 593.954 0
tree 693.676 604.488 0
tree 703.46 611.108 0
tree 706.926 622.785 0
tree 704.516 641.312 0
tree 688.032 666.711 0
horse 624.276 836.828 -0.474417
horse 652.562 821.247 -1.45491
horse 634.916 801.181 -1.96319
horse 596.015 829.591 -0.400235
horse 584.319 705.458 -0.885318
horse 602.003 688.613 -0.484306
dragon 612.07 750.267 -0.92499
lamp 798.454 759.573 0
laubbaum 856.34 669.763 0
laubbaum 867.958 662.345 0
laubbaum 857.588 677.543 0
laubbaum 846.124 685.226 0
lamp 742.06 806.848 0
lamp 661.765 638.888 0
lamp 701.856 684.457 0
lamp 720.06 732.707 0
rock 704.562 760.035 0
rock 694.382 728.986 0
tree_snow 754.037 699.233 0
tree_snow 760.631 715.823 0
tree_snow 775.064 711.684 0
tree_snow 742.272 677.141 0
tree_snow 751.717 746.488 0
tree_snow 762.695 735.121 0
tree_snow 756.234 753.438 0
lamp 742.506 759.127 0
lamp 851.714 683.73 0
lamp 841.654 713.322 0
laubbaum 899.923 812.076 0
laubbaum 896.576 831.298 0
laubbaum 931.27 832.699 0
fern 933.037 817.129 0
fern 908.727 821.815 0
fern 910.391 796.243 0
fern 923.934 785.606 0
fern 930.853 787.958 0
fern 920.981 811.821 0
laubbaum 933.578 802.021 0
laubbaum 894.163 802.828 0
laubbaum 911.651 777.233 0
laubbaum 914.399 786.322 0
laubbaum 941.056 767.87 0
laubbaum 917.988 795.544 0
laubbaum 911.423 817.042 0
laubbaum 937.613 823.906 0
laubbaum 892.506 794.213 0
laubbaum 882.328 818.411 0
laubbaum 900.985 786.069 0
lamp 812.522 813.536 0
lamp 627.083 695.145 0
horse 628.063 817.327 -1.0857
horse 880.623 621.939 -0.851837
horse 875.893 607.003 -0.222586
horse 901.744 614.844 -1.96454
horse 812.359 577.826 -0.345961
horse 698.935 888.791 -0.35789
horse 700.734 862.75 -0.547927
horse 726.671 861.93 -1.00578
laubbaum 813.234 915.113 0
laubbaum 821.839 907.205 0
fern 801.244 898.061 0
fern 805.311 909.77 0
fern 795.666 907.569 0
fern 825.032 930.248 0
fern 836.671 924.212 0
rock 780.691 915.992 0
rock 800.745 950.364 0
fern 787.854 944.817 0
fern 768.27 930.213 0
fern 774.037 892.674 0
laubbaum 781.557 901.192 0
laubbaum 789.343 919.178 0
laubbaum 801.536 924.353 0
laubbaum 817.561 936.414 0
laubbaum 807.222 904.07 0
laubbaum 803.595 940.452 0
laubbaum 818.507 956.302 0
dragon 719.637 637.978 0
dragon 834.221 860.606 2.56516
